$ 1 0.000005 10.20027730826997 50 5 43
! default 0 a(3),a(2),a(1),a(0) k(6),k(5),k(4),k(3),k(2),k(1),k(0) custom\slogic 0000\q1111110\n0001\q0110000\n0010\q1101101\n0011\q1111001\n0100\q0110011\n0101\q1011011\n0110\q1011111\n0111\q1110000\n1000\q1111111\n1001\q1111011\n1010\q1001111\n1011\q1001111\n1100\q1001111\n1101\q1001111\n1110\q1001111\n1111\q1001111\n
208 224 160 272 160 0 default 5 5 5 5 5 5 0
L 224 256 176 256 2 0 false 5 0
L 224 224 176 224 2 0 false 5 0
L 224 192 176 192 2 0 false 5 0
L 224 160 176 160 2 0 false 5 0
157 320 160 368 160 0 7 0 0
w 384 288 320 288 0
w 320 320 416 320 0
w 416 320 416 288 0
w 448 288 448 352 0
w 448 352 320 352 0
